REPLACE INTO `creature_template` (`entry`, `difficulty_entry_1`, `difficulty_entry_2`, `difficulty_entry_3`, `KillCredit1`, `KillCredit2`, `modelid1`, `modelid2`, `modelid3`, `modelid4`, `name`, `subname`, `IconName`, `gossip_menu_id`, `minlevel`, `maxlevel`, `exp`, `faction_A`, `faction_H`, `npcflag`, `scale`, `rank`, `mindmg`, `maxdmg`, `dmgschool`, `attackpower`, `dmg_multiplier`, `baseattacktime`, `rangeattacktime`, `unit_class`, `unit_flags`, `dynamicflags`, `family`, `trainer_type`, `trainer_spell`, `trainer_class`, `trainer_race`, `minrangedmg`, `maxrangedmg`, `rangedattackpower`, `type`, `type_flags`, `lootid`, `pickpocketloot`, `skinloot`, `resistance1`, `resistance2`, `resistance3`, `resistance4`, `resistance5`, `resistance6`, `spell1`, `spell2`, `spell3`, `spell4`, `spell5`, `spell6`, `spell7`, `spell8`, `PetSpellDataId`, `VehicleId`, `mingold`, `maxgold`, `AIName`, `MovementType`, `InhabitType`, `Health_mod`, `Mana_mod`, `RacialLeader`, `questItem1`, `questItem2`, `questItem3`, `questItem4`, `questItem5`, `questItem6`, `movementId`, `RegenHealth`, `equipment_id`, `mechanic_immune_mask`, `flags_extra`, `ScriptName`) VALUES (220003, 0, 0, 0, 0, 0, 27153, 0, 27153, 0, 'SHMOT A8', 'Pvp Sets', '', 0, 80, 80, 0, 35, 35, 4224, 1, 1, 50, 150, 0, 1000, 1, 2000, 0, 1, 2, 0, 0, 0, 0, 0, 0, 0, 0, 0, 7, 2, 0, 0, 0, 0, 0, 0, 0, 0, 0, 0, 0, 0, 0, 0, 0, 0, 0, 0, 0, 0, 0, '', 0, 3, 10, 1, 0, 0, 0, 0, 0, 0, 0, 0, 1, 1728, 0, 0, '');

DELETE FROM `npc_vendor` WHERE (`entry`=220003);
INSERT INTO `npc_vendor` (entry, item, maxcount, incrtime, ExtendedCost) VALUES 
(220003, 51413, 0, 0, 2403),
(220003, 51414, 0, 0, 2403),
(220003, 51415, 0, 0, 2403),
(220003, 51416, 0, 0, 2403),
(220003, 51418, 0, 0, 2403),
(220003, 51419, 0, 0, 2403),
(220003, 51420, 0, 0, 2403),
(220003, 51421, 0, 0, 2403),
(220003, 51422, 0, 0, 2403),
(220003, 51424, 0, 0, 2403),
(220003, 51425, 0, 0, 2403),
(220003, 51426, 0, 0, 2403),
(220003, 51427, 0, 0, 2403),
(220003, 51428, 0, 0, 2403),
(220003, 51430, 0, 0, 2403),
(220003, 51433, 0, 0, 2403),
(220003, 51434, 0, 0, 2403),
(220003, 51435, 0, 0, 2403),
(220003, 51436, 0, 0, 2403),
(220003, 51438, 0, 0, 2403),
(220003, 51458, 0, 0, 2403),
(220003, 51459, 0, 0, 2403),
(220003, 51460, 0, 0, 2403),
(220003, 51461, 0, 0, 2403),
(220003, 51462, 0, 0, 2403),
(220003, 51463, 0, 0, 2403),
(220003, 51464, 0, 0, 2403),
(220003, 51465, 0, 0, 2403),
(220003, 51466, 0, 0, 2403),
(220003, 51467, 0, 0, 2403),
(220003, 51468, 0, 0, 2403),
(220003, 51469, 0, 0, 2403),
(220003, 51470, 0, 0, 2403),
(220003, 51471, 0, 0, 2403),
(220003, 51473, 0, 0, 2403),
(220003, 51474, 0, 0, 2403),
(220003, 51475, 0, 0, 2403),
(220003, 51476, 0, 0, 2403),
(220003, 51477, 0, 0, 2403),
(220003, 51479, 0, 0, 2403),
(220003, 51482, 0, 0, 2403),
(220003, 51483, 0, 0, 2403),
(220003, 51484, 0, 0, 2403),
(220003, 51485, 0, 0, 2403),
(220003, 51486, 0, 0, 2403),
(220003, 51487, 0, 0, 2403),
(220003, 51488, 0, 0, 2403),
(220003, 51489, 0, 0, 2403),
(220003, 51490, 0, 0, 2403),
(220003, 51491, 0, 0, 2403),
(220003, 51492, 0, 0, 2403),
(220003, 51493, 0, 0, 2403),
(220003, 51494, 0, 0, 2403),
(220003, 51495, 0, 0, 2403),
(220003, 51496, 0, 0, 2403),
(220003, 51497, 0, 0, 2403),
(220003, 51498, 0, 0, 2403),
(220003, 51499, 0, 0, 2403),
(220003, 51500, 0, 0, 2403),
(220003, 51502, 0, 0, 2403),
(220003, 51503, 0, 0, 2403),
(220003, 51504, 0, 0, 2403),
(220003, 51505, 0, 0, 2403),
(220003, 51506, 0, 0, 2403),
(220003, 51508, 0, 0, 2403),
(220003, 51509, 0, 0, 2403),
(220003, 51510, 0, 0, 2403),
(220003, 51511, 0, 0, 2403),
(220003, 51512, 0, 0, 2403),
(220003, 51514, 0, 0, 2403),
(220003, 51536, 0, 0, 2403),
(220003, 51537, 0, 0, 2403),
(220003, 51538, 0, 0, 2403),
(220003, 51539, 0, 0, 2403),
(220003, 51540, 0, 0, 2403),
(220003, 51541, 0, 0, 2403),
(220003, 51542, 0, 0, 2403),
(220003, 51543, 0, 0, 2403),
(220003, 51544, 0, 0, 2403),
(220003, 51545, 0, 0, 2403);



DELETE FROM `creature` WHERE `id`=220003;
INSERT INTO `creature` (`guid`,`id`,`map`,`spawnMask`,`phaseMask`,`modelid`,`equipment_id`,`position_x`,`position_y`,`position_z`,`orientation`,`spawntimesecs`,`spawndist`,`currentwaypoint`,`curhealth`,`curmana`,`MovementType`) VALUES
(201420, 220003, 1, 1, 1, 0, 0, 1427.39, -4420.5, 25.4627, 0.136305, 300, 0, 0, 5342, 0, 0),
(9337675, 220003, 0, 1, 1, 0, 1728, -8929.93, 532.407, 94.4264, 0.702467, 300, 0, 0, 5342, 0, 0);