REPLACE INTO `creature_template` (`entry`, `difficulty_entry_1`, `difficulty_entry_2`, `difficulty_entry_3`, `KillCredit1`, `KillCredit2`, `modelid1`, `modelid2`, `modelid3`, `modelid4`, `name`, `subname`, `IconName`, `gossip_menu_id`, `minlevel`, `maxlevel`, `exp`, `faction_A`, `faction_H`, `npcflag`, `scale`, `rank`, `mindmg`, `maxdmg`, `dmgschool`, `attackpower`, `dmg_multiplier`, `baseattacktime`, `rangeattacktime`, `unit_class`, `unit_flags`, `dynamicflags`, `family`, `trainer_type`, `trainer_spell`, `trainer_class`, `trainer_race`, `minrangedmg`, `maxrangedmg`, `rangedattackpower`, `type`, `type_flags`, `lootid`, `pickpocketloot`, `skinloot`, `resistance1`, `resistance2`, `resistance3`, `resistance4`, `resistance5`, `resistance6`, `spell1`, `spell2`, `spell3`, `spell4`, `spell5`, `spell6`, `spell7`, `spell8`, `PetSpellDataId`, `VehicleId`, `mingold`, `maxgold`, `AIName`, `MovementType`, `InhabitType`, `Health_mod`, `Mana_mod`, `RacialLeader`, `questItem1`, `questItem2`, `questItem3`, `questItem4`, `questItem5`, `questItem6`, `movementId`, `RegenHealth`, `equipment_id`, `mechanic_immune_mask`, `flags_extra`, `ScriptName`) VALUES (220000, 0, 0, 0, 0, 0, 26840, 0, 26840, 0, 'SHMOT T10', 'Armor Sets', '', 0, 80, 80, 0, 35, 35, 4224, 1, 1, 50, 150, 0, 1000, 100, 2000, 0, 1, 2, 0, 0, 0, 0, 0, 0, 0, 0, 0, 7, 2, 0, 0, 0, 0, 0, 0, 0, 0, 0, 0, 0, 0, 0, 0, 0, 0, 0, 0, 0, 0, 0, '', 0, 3, 10, 1, 0, 0, 0, 0, 0, 0, 0, 0, 1, 4321, 0, 0, '');

DELETE FROM `npc_vendor` WHERE (`entry`=220000);
INSERT INTO `npc_vendor` (entry, item, maxcount, incrtime, ExtendedCost) VALUES 
(220000, 51220, 0, 0, 0),
(220000, 51221, 0, 0, 0),
(220000, 51222, 0, 0, 0),
(220000, 51223, 0, 0, 0),
(220000, 51224, 0, 0, 0),
(220000, 51225, 0, 0, 0),
(220000, 51226, 0, 0, 0),
(220000, 51227, 0, 0, 0),
(220000, 51228, 0, 0, 0),
(220000, 51229, 0, 0, 0),
(220000, 51230, 0, 0, 0),
(220000, 51231, 0, 0, 0),
(220000, 51232, 0, 0, 0),
(220000, 51233, 0, 0, 0),
(220000, 51234, 0, 0, 0),
(220000, 51235, 0, 0, 0),
(220000, 51236, 0, 0, 0),
(220000, 51237, 0, 0, 0),
(220000, 51238, 0, 0, 0),
(220000, 51239, 0, 0, 0),
(220000, 51240, 0, 0, 0),
(220000, 51241, 0, 0, 0),
(220000, 51242, 0, 0, 0),
(220000, 51243, 0, 0, 0),
(220000, 51244, 0, 0, 0),
(220000, 51245, 0, 0, 0),
(220000, 51246, 0, 0, 0),
(220000, 51247, 0, 0, 0),
(220000, 51248, 0, 0, 0),
(220000, 51249, 0, 0, 0),
(220000, 51250, 0, 0, 0),
(220000, 51251, 0, 0, 0),
(220000, 51252, 0, 0, 0),
(220000, 51253, 0, 0, 0),
(220000, 51254, 0, 0, 0),
(220000, 51255, 0, 0, 0),
(220000, 51256, 0, 0, 0),
(220000, 51257, 0, 0, 0),
(220000, 51258, 0, 0, 0),
(220000, 51259, 0, 0, 0),
(220000, 51260, 0, 0, 0),
(220000, 51261, 0, 0, 0),
(220000, 51262, 0, 0, 0),
(220000, 51263, 0, 0, 0),
(220000, 51264, 0, 0, 0),
(220000, 51265, 0, 0, 0),
(220000, 51266, 0, 0, 0),
(220000, 51267, 0, 0, 0),
(220000, 51268, 0, 0, 0),
(220000, 51269, 0, 0, 0),
(220000, 51270, 0, 0, 0),
(220000, 51271, 0, 0, 0),
(220000, 51272, 0, 0, 0),
(220000, 51273, 0, 0, 0),
(220000, 51274, 0, 0, 0),
(220000, 51275, 0, 0, 0),
(220000, 51276, 0, 0, 0),
(220000, 51277, 0, 0, 0),
(220000, 51278, 0, 0, 0),
(220000, 51279, 0, 0, 0),
(220000, 51280, 0, 0, 0),
(220000, 51281, 0, 0, 0),
(220000, 51282, 0, 0, 0),
(220000, 51283, 0, 0, 0),
(220000, 51284, 0, 0, 0),
(220000, 51285, 0, 0, 0),
(220000, 51286, 0, 0, 0),
(220000, 51287, 0, 0, 0),
(220000, 51288, 0, 0, 0),
(220000, 51289, 0, 0, 0),
(220000, 51290, 0, 0, 0),
(220000, 51291, 0, 0, 0),
(220000, 51292, 0, 0, 0),
(220000, 51293, 0, 0, 0),
(220000, 51294, 0, 0, 0),
(220000, 51295, 0, 0, 0),
(220000, 51296, 0, 0, 0),
(220000, 51297, 0, 0, 0),
(220000, 51298, 0, 0, 0),
(220000, 51299, 0, 0, 0),
(220000, 51300, 0, 0, 0),
(220000, 51301, 0, 0, 0),
(220000, 51302, 0, 0, 0),
(220000, 51303, 0, 0, 0),
(220000, 51304, 0, 0, 0),
(220000, 51305, 0, 0, 0),
(220000, 51306, 0, 0, 0),
(220000, 51307, 0, 0, 0),
(220000, 51308, 0, 0, 0),
(220000, 51309, 0, 0, 0),
(220000, 51310, 0, 0, 0),
(220000, 51311, 0, 0, 0),
(220000, 51312, 0, 0, 0),
(220000, 51313, 0, 0, 0),
(220000, 51314, 0, 0, 0);

/*
UPDATE `npc_vendor` SET `ExtendedCost` = '2403' WHERE `entry` = 220000;
*/



DELETE FROM `creature` WHERE `id`=220000;
INSERT INTO `creature` (`guid`,`id`,`map`,`spawnMask`,`phaseMask`,`modelid`,`equipment_id`,`position_x`,`position_y`,`position_z`,`orientation`,`spawntimesecs`,`spawndist`,`currentwaypoint`,`curhealth`,`curmana`,`MovementType`) VALUES
(9337683, 220000, 0, 1, 1, 0, 4321, -8928.58, 530.4, 94.4189, 0.678247, 300, 0, 0, 5342, 0, 0),
(201418, 220000, 1, 1, 1, 0, 0, 1427.49, -4417.65, 25.4627, 0.148082, 300, 0, 0, 5342, 0, 0);
