REPLACE INTO `creature_template` (`entry`, `difficulty_entry_1`, `difficulty_entry_2`, `difficulty_entry_3`, `KillCredit1`, `KillCredit2`, `modelid1`, `modelid2`, `modelid3`, `modelid4`, `name`, `subname`, `IconName`, `gossip_menu_id`, `minlevel`, `maxlevel`, `exp`, `faction_A`, `faction_H`, `npcflag`, `scale`, `rank`, `mindmg`, `maxdmg`, `dmgschool`, `attackpower`, `dmg_multiplier`, `baseattacktime`, `rangeattacktime`, `unit_class`, `unit_flags`, `dynamicflags`, `family`, `trainer_type`, `trainer_spell`, `trainer_class`, `trainer_race`, `minrangedmg`, `maxrangedmg`, `rangedattackpower`, `type`, `type_flags`, `lootid`, `pickpocketloot`, `skinloot`, `resistance1`, `resistance2`, `resistance3`, `resistance4`, `resistance5`, `resistance6`, `spell1`, `spell2`, `spell3`, `spell4`, `spell5`, `spell6`, `spell7`, `spell8`, `PetSpellDataId`, `VehicleId`, `mingold`, `maxgold`, `AIName`, `MovementType`, `InhabitType`, `Health_mod`, `Mana_mod`, `RacialLeader`, `questItem1`, `questItem2`, `questItem3`, `questItem4`, `questItem5`, `questItem6`, `movementId`, `RegenHealth`, `equipment_id`, `mechanic_immune_mask`, `flags_extra`, `ScriptName`) VALUES (200134, 0, 0, 0, 0, 0, 27153, 0, 27153, 0, 'Mount', 'Mount', '', 0, 80, 80, 0, 35, 35, 4224, 1, 1, 50, 150, 0, 1000, 100, 2000, 0, 1, 2, 0, 0, 0, 0, 0, 0, 0, 0, 0, 7, 2, 0, 0, 0, 0, 0, 0, 0, 0, 0, 0, 0, 0, 0, 0, 0, 0, 0, 0, 0, 0, 0, '', 0, 3, 10, 1, 0, 0, 0, 0, 0, 0, 0, 0, 1, 4311, 0, 0, '');

DELETE FROM `npc_vendor` WHERE (`entry`=200134);
INSERT INTO `npc_vendor` (entry, item, maxcount, incrtime, ExtendedCost) VALUES 
(200134, 12351, 0, 0, 0),
(200134, 13086, 0, 0, 0),
(200134, 13329, 0, 0, 0),
(200134, 13335, 0, 0, 0),
(200134, 19029, 0, 0, 0),
(200134, 19030, 0, 0, 0),
(200134, 19872, 0, 0, 0),
(200134, 19902, 0, 0, 0),
(200134, 21218, 0, 0, 0),
(200134, 21321, 0, 0, 0),
(200134, 21323, 0, 0, 0),
(200134, 21324, 0, 0, 0),
(200134, 23720, 0, 0, 0),
(200134, 25596, 0, 0, 0),
(200134, 29467, 0, 0, 0),
(200134, 29469, 0, 0, 0),
(200134, 30480, 0, 0, 0),
(200134, 30609, 0, 0, 0),
(200134, 32458, 0, 0, 0),
(200134, 32768, 0, 0, 0),
(200134, 32857, 0, 0, 0),
(200134, 32858, 0, 0, 0),
(200134, 32859, 0, 0, 0),
(200134, 32860, 0, 0, 0),
(200134, 32861, 0, 0, 0),
(200134, 32862, 0, 0, 0),
(200134, 33809, 0, 0, 0),
(200134, 33999, 0, 0, 0),
(200134, 34092, 0, 0, 0),
(200134, 35513, 0, 0, 0),
(200134, 37012, 0, 0, 0),
(200134, 37676, 0, 0, 0),
(200134, 37719, 0, 0, 0),
(200134, 37828, 0, 0, 0),
(200134, 41508, 0, 0, 0),
(200134, 43516, 0, 0, 0),
(200134, 43599, 0, 0, 0),
(200134, 43951, 0, 0, 0),
(200134, 43952, 0, 0, 0),
(200134, 43953, 0, 0, 0),
(200134, 43954, 0, 0, 0),
(200134, 43955, 0, 0, 0),
(200134, 43956, 0, 0, 0),
(200134, 43958, 0, 0, 0),
(200134, 43959, 0, 0, 0),
(200134, 43961, 0, 0, 0),
(200134, 43962, 0, 0, 0),
(200134, 43986, 0, 0, 0),
(200134, 44077, 0, 0, 0),
(200134, 44080, 0, 0, 0),
(200134, 44083, 0, 0, 0),
(200134, 44086, 0, 0, 0),
(200134, 44151, 0, 0, 0),
(200134, 44160, 0, 0, 0),
(200134, 44164, 0, 0, 0),
(200134, 44168, 0, 0, 0),
(200134, 44175, 0, 0, 0),
(200134, 44177, 0, 0, 0),
(200134, 44178, 0, 0, 0),
(200134, 44223, 0, 0, 0),
(200134, 44224, 0, 0, 0),
(200134, 44225, 0, 0, 0),
(200134, 44226, 0, 0, 0),
(200134, 44230, 0, 0, 0),
(200134, 44231, 0, 0, 0),
(200134, 44234, 0, 0, 0),
(200134, 44235, 0, 0, 0),
(200134, 44413, 0, 0, 0),
(200134, 44558, 0, 0, 0),
(200134, 44707, 0, 0, 0),
(200134, 44842, 0, 0, 0),
(200134, 44843, 0, 0, 0),
(200134, 45693, 0, 0, 0),
(200134, 45801, 0, 0, 0),
(200134, 45802, 0, 0, 0),
(200134, 46109, 0, 0, 0),
(200134, 46171, 0, 0, 0),
(200134, 46708, 0, 0, 0),
(200134, 47179, 0, 0, 0),
(200134, 47840, 0, 0, 0),
(200134, 49046, 0, 0, 0),
(200134, 49096, 0, 0, 0),
(200134, 49098, 0, 0, 0),
(200134, 49282, 0, 0, 0),
(200134, 49284, 0, 0, 0),
(200134, 49286, 0, 0, 0),
(200134, 49290, 0, 0, 0),
(200134, 49636, 0, 0, 0),
(200134, 50250, 0, 0, 0),
(200134, 50435, 0, 0, 0),
(200134, 50818, 0, 0, 0),
(200134, 51954, 0, 0, 0),
(200134, 51955, 0, 0, 0),
(200134, 52200, 0, 0, 0),
(200134, 54069, 0, 0, 0),
(200134, 54797, 0, 0, 0),
(200134, 54811, 0, 0, 0),
(200134, 54860, 0, 0, 0);


DELETE FROM `creature` WHERE `id`=200134;
INSERT INTO `creature` (`guid`,`id`,`map`,`spawnMask`,`phaseMask`,`modelid`,`equipment_id`,`position_x`,`position_y`,`position_z`,`orientation`,`spawntimesecs`,`spawndist`,`currentwaypoint`,`curhealth`,`curmana`,`MovementType`) VALUES
(201199, 200134, 0, 1, 1, 0, 0, -8934.77, 538.185, 94.3793, 0.722823, 300, 0, 0, 5342, 0, 0),
(201409, 200134, 1, 1, 1, 0, 0, 1424.46, -4380.98, 25.4627, 0.0827188, 300, 0, 0, 5342, 0, 0);
